corridor 0.5 -8 0 0 0.5 8 0.1 0
corridor 0.5 -8 0.9 0 0.5 8 1 0
corridor 0 0 0.1 0 1 0 0.1 8
corridor 0 0 0.9 -8 1 0 0.9 0
corridor 0.1 0 0.1 8 0.1 8 0.9 -8
corridor 0.9 -8 0.1 8 0.9 0 0.9 -8
stair 0 0 0.5 -2 0.1 0 0.5 2
stair 0.9 0 0.5 -2 1 0 0.5 2
elevator 0.5 -10 0 0 0.5 -8 0.1 0
elevator 0.5 8 0 0 0.5 10 0.1 0
elevator 0.5 -10 0.9 0 0.5 -8 1 0
elevator 0.5 8 0.9 0 0.5 10 1 0
usage 3 0 0 0 0 0.5 -10 0.1 0
usage 3 0.5 10 0 0 1 0 0.1 0
usage 2 0 0 0.9 0 0.5 -10 1 0
usage 2 0.5 10 0.9 0 1 0 1 0
usage 1 0 0 0.1 8 0.1 0 0.5 -2
usage 1 0 0 0.5 2 0.1 0 0.9 -8
usage 0 0.9 0 0.1 8 1 0 0.5 -2
usage 0 0.9 0 0.5 2 1 0 0.9 -8