corridor 0 0 0.1 0 1 0 0.1 8
corridor 0 0 0.9 -8 1 0 0.9 0
corridor 0.1 0 0.1 8 0.1 8 0.9 -8
corridor 0.25 8 0.1 8 0.25 16 0.9 -8
corridor 0.75 -16 0.1 8 0.75 -8 0.9 -8
corridor 0.9 -8 0.1 8 0.9 0 0.9 -8
corridor 0.25 16 0.5 -2 0.25 24 0.5 2
corridor 0.75 -24 0.5 -2 0.75 -16 0.5 2
corridor 0.25 24 0.5 -4 0.75 -24 0.5 4
stair 0 0 0.5 -2 0.1 0 0.5 2
stair 0.9 0 0.5 -2 1 0 0.5 2
elevator 0.25 16 0.5 -4 0.25 24 0.5 -2
elevator 0.25 16 0.5 2 0.25 24 0.5 4
elevator 0.75 -24 0.5 -4 0.75 -16 0.5 -2
elevator 0.75 -24 0.5 2 0.75 -16 0.5 4
usage 3 0 0 0 0 0.35 16 0.1 0
usage 3 0.65 -16 0 0 1 0 0.1 0
usage 2 0 0 0.9 0 0.35 16 1 0
usage 2 0.65 -16 0.9 0 1 0 1 0
usage 1 0 0 0.1 8 0.1 0 0.5 -2
usage 1 0 0 0.5 2 0.1 0 0.9 -8
usage 0 0.9 0 0.1 8 1 0 0.5 -2
usage 0 0.9 0 0.5 2 1 0 0.9 -8
usage 0 0.25 16 0.1 8 0.35 16 0.5 -4
usage 0 0.25 16 0.5 4 0.35 16 0.9 -8
usage 1 0.65 -16 0.1 8 0.75 -16 0.5 -4
usage 1 0.65 -16 0.5 4 0.75 -16 0.9 -8