corridor 0 0 0.5 -8 0.1 0 0.5 8
corridor 0.9 0 0.5 -8 1 0 0.5 8
corridor 0.1 0 0 0 0.1 8 1 0
corridor 0.9 -8 0 0 0.9 0 1 0
corridor 0.1 8 0.1 0 0.9 -8 0.1 8
corridor 0.1 8 0.25 8 0.9 -8 0.25 16
corridor 0.1 8 0.75 -16 0.9 -8 0.75 -8
corridor 0.1 8 0.9 -8 0.9 -8 0.9 0
corridor 0.5 -2 0.25 16 0.5 2 0.25 24
corridor 0.5 -2 0.75 -24 0.5 2 0.75 -16
corridor 0.5 -4 0.25 24 0.5 4 0.75 -24
corridor 0.1 8 0.5 -4 0.5 -4 0.5 4
corridor 0.5 4 0.5 -4 0.9 -8 0.5 4
stair 0.5 -2 0 0 0.5 2 0.1 0
stair 0.5 -2 0.9 0 0.5 2 1 0
elevator 0.5 -4 0.25 16 0.5 -2 0.25 24
elevator 0.5 2 0.25 16 0.5 4 0.25 24
elevator 0.5 -4 0.75 -24 0.5 -2 0.75 -16
elevator 0.5 2 0.75 -24 0.5 4 0.75 -16
usage 1 0 0 0 0 0.1 0 0.5 -8
usage 1 0 0 0.5 8 0.1 0 1 0
usage 0 0.9 0 0 0 1 0 0.5 -8
usage 0 0.9 0 0.5 8 1 0 1 0
usage 3 0.1 8 0 0 0.5 -2 0.1 0
usage 3 0.5 2 0 0 0.9 -8 0.1 0
usage 2 0.1 8 0.9 0 0.5 -2 1 0
usage 2 0.5 2 0.9 0 0.9 -8 1 0
usage 2 0.1 8 0.25 16 0.5 -4 0.375 6
usage 2 0.5 4 0.25 16 0.9 -8 0.375 6
usage 3 0.1 8 0.375 6 0.5 -4 0.5 -4
usage 3 0.5 4 0.375 6 0.9 -8 0.5 -4
usage 2 0.1 8 0.5 4 0.5 -4 0.625 -6
usage 2 0.5 4 0.5 4 0.9 -8 0.625 -6
usage 3 0.1 8 0.625 -6 0.5 -4 0.75 -16
usage 3 0.5 4 0.625 -6 0.9 -8 0.75 -16