corridor 0.2 0 0 0 0.2 4 0.8 -4
corridor 0.2 4 0.2 0 1 0 0.2 4
corridor 0.8 -4 0.2 4 0.8 0 1 0
corridor 0 0 0.8 -4 0.8 -4 0.8 0
stair 0.2 4 0 0 0.2 6 0.1 0
stair 0.9 0 0.2 4 1 0 0.2 6
stair 0.8 -6 0.9 0 0.8 -4 1 0
stair 0 0 0.8 -6 0.1 0 0.8 -4
elevator 0.2 4 0.1 0 0.2 6 0.2 0
elevator 0.8 0 0.2 4 0.9 0 0.2 6
elevator 0.8 -6 0.8 0 0.8 -4 0.9 0
elevator 0.1 0 0.8 -6 0.2 0 0.8 -4
usage 1 0 0 0 0 0.2 0 0.8 -6
usage 3 0.2 6 0 0 1 0 0.2 0
usage 0 0.8 0 0.2 6 1 0 1 0
usage 2 0 0 0.8 0 0.8 -6 1 0
usage 0 0.2 4 0.2 4 0.5 0 0.5 0
usage 2 0.5 0 0.2 4 0.8 -4 0.5 0
usage 1 0.5 0 0.5 0 0.8 -4 0.8 -4
usage 3 0.2 4 0.5 0 0.5 0 0.8 -4