corridor 0.8 -8 0.5 -8 0.9 -8 0.5 8
corridor 0.9 -8 0.1 0 0.9 0 0.9 0
corridor 0 16 0.1 0 0.9 -8 0.1 8
corridor 0 16 0.9 -8 0.9 -8 0.9 0
stair 0.9 0 0.5 -4 1 0 0.5 4
stair 0 0 0.1 0 0 16 0.1 8
stair 0 0 0.9 -8 0 16 0.9 0
elevator 0.8 -8 0.5 -10 0.9 -8 0.5 -8
usage 0 0.8 -8 0.5 8 0.9 -8 0.8 -8
usage 0 0.8 -8 0.2 8 0.9 -8 0.5 -10
usage 1 0.9 0 0 0 1 0 0.5 -4
usage 1 0.9 0 0.5 4 1 0 1 0
usage 3 0 0 0 0 0.9 0 0.1 0
usage 2 0 0 0.1 8 0.9 -8 0.2 8
usage 3 0 0 0.8 -8 0.9 -8 0.9 -8
usage 2 0 0 0.9 0 0.9 0 1 0